SetFactory("OpenCASCADE");
Point(1) = {0.0000000000000000, 0.0000000000000000, 0, 5.431111};
Point(2) = {28.2900600918414469, 0.7500000000000000, 0, 0.400000};
Point(3) = {29.0897791050383780, 0.7712014134275619, 0, 0.464975};
Point(4) = {29.6421998266106179, 3.4909591983729080, 0, 0.525649};
Point(5) = {42.6336904311602396, 6.9719753456245117, 0, 1.610152};
Point(6) = {43.2000000000000028, 0.0000000000000000, 0, 1.610152};
Point(7) = {48.0000000000000000, 0.0000000000000000, 0, 2.000000};
Point(8) = {46.3644396618752808, 12.4233141649209955, 0, 2.000000};
Point(9) = {27.3357008839806390, 7.3245789764013383, 0, 0.400000};
Point(10) = {28.3000000000000007, 0.0000000000000000, 0, 0.400000};
Point(11) = {29.8470569183197512, 0.0000000000000000, 0, 0.525649};
Point(12) = {19.3000000000000007, 0.0000000000000000, 0, 2.000000};
Point(13) = {23.1517453504730391, 0.0000000000000000, 0, 1.315245};
Point(14) = {26.1517453504730391, 0.0000000000000000, 0, 0.781912};
Point(15) = {27.5000000000000000, 0.0000000000000000, 0, 0.542222};
Point(16) = {26.1540541981167216, 8.4979673453110536, 0, 0.542222};
Point(17) = {18.3553907644964625, 5.9640279914364855, 0, 2.000000};
Point(18) = {26.1517453504730391, 6.7146269534510798, 0, 0.631111};
Point(19) = {23.1517453504730391, 6.7146269534510798, 0, 1.145636};
Point(20) = {25.8286310201749245, 7.8664998330679232, 0, 0.631111};
Line(1) = {2, 3};
Line(2) = {3, 4};
Line(3) = {4, 5};
Circle(4) = {5, 1, 6};
Line(5) = {6, 7};
Circle(6) = {7, 1, 8};
Line(7) = {8, 9};
Circle(8) = {9, 1, 2};
Line(9) = {10, 11};
Line(10) = {11, 6};
Circle(11) = {10, 1, 2};
Circle(12) = {11, 1, 4};
Line(13) = {12, 13};
Line(14) = {13, 14};
Line(15) = {14, 15};
Circle(16) = {15, 1, 16};
Line(17) = {16, 17};
Circle(18) = {17, 1, 12};
Line(19) = {14, 18};
Line(20) = {18, 19};
Line(21) = {19, 13};
Circle(22) = {18, 1, 20};
Line(23) = {20, 19};
Curve Loop(1) = {1, 2, 3, 4, 5, 6, 7, 8};
Curve Loop(2) = {10, -4, -3, -12};
Curve Loop(3) = {9, 12, -2, -1, -11};
Curve Loop(4) = {14, 19, 20, 21};
Curve Loop(5) = {22, 23, -20};
Curve Loop(6) = {13, -21, -23, -22, -19, 15, 16, 17, 18};
Plane Surface(1) = {1};
Physical Surface(1) = {1};
Plane Surface(2) = {2};
Physical Surface(2) = {2};
Plane Surface(3) = {3};
Physical Surface(3) = {3};
Plane Surface(4) = {4};
Physical Surface(4) = {4};
Plane Surface(5) = {5};
Physical Surface(5) = {5};
Plane Surface(6) = {6};
Physical Surface(6) = {6};
