SetFactory("OpenCASCADE");
Point(1) = {0.0000000000000000, 0.0000000000000000, 0, 1.244898};
Point(2) = {36.9805354206777253, 1.2000000000000002, 0, 0.509615};
Point(3) = {37.4802723858220190, 1.2162162162162165, 0, 0.519231};
Point(4) = {37.8660893731746313, 1.8071237958972206, 0, 0.527100};
Point(5) = {48.9679013771217768, 2.7784064908386163, 0, 0.741282};
Point(6) = {52.0000000000000000, 0.0000000000000000, 0, 0.798077};
Point(7) = {62.5000000000000000, 0.0000000000000000, 0, 1.000000};
Point(8) = {62.2621686307340951, 5.4472339217286354, 0, 1.000000};
Point(9) = {36.8592038293945805, 3.2247624816633524, 0, 0.509615};
Point(10) = {37.0000000000000000, 0.0000000000000000, 0, 0.509615};
Point(11) = {37.9091864965597338, 0.0000000000000000, 0, 0.527100};
Point(12) = {49.2109804477370005, 0.0000000000000000, 0, 0.744442};
Point(13) = {36.4857576532555967, 1.0195530726256985, 0, 0.500000};
Point(14) = {35.7860307941520617, 1.0000000000000002, 0, 0.514286};
Point(15) = {34.8796138748679425, 2.2204625369817750, 0, 0.531628};
Point(16) = {27.6942220267660595, 1.3479980085561807, 0, 0.679041};
Point(17) = {26.5000000000000000, 0.0000000000000000, 0, 0.704082};
Point(18) = {12.0000000000000000, 0.0000000000000000, 0, 1.000000};
Point(19) = {11.9125064891766481, 1.4464401630638766, 0, 1.000000};
Point(20) = {36.2338739045789708, 4.3995888293192902, 0, 0.500000};
Point(21) = {36.5000000000000000, 0.0000000000000000, 0, 0.500000};
Point(22) = {34.9502205706633546, 0.0000000000000000, 0, 0.531628};
Point(23) = {27.8578986183446098, 0.0000000000000000, 0, 0.676369};
Line(1) = {2, 3};
Line(2) = {3, 4};
Line(3) = {4, 5};
Circle(4) = {5, 12, 6};
Line(5) = {6, 7};
Circle(6) = {7, 1, 8};
Line(7) = {8, 9};
Circle(8) = {9, 1, 2};
Line(9) = {10, 11};
Line(10) = {11, 6};
Circle(11) = {10, 1, 2};
Circle(12) = {11, 1, 4};
Line(13) = {13, 14};
Line(14) = {14, 15};
Line(15) = {15, 16};
Circle(16) = {16, 23, 17};
Line(17) = {17, 18};
Circle(18) = {18, 1, 19};
Line(19) = {19, 20};
Circle(20) = {20, 1, 13};
Line(21) = {21, 22};
Line(22) = {22, 17};
Circle(23) = {21, 1, 13};
Circle(24) = {22, 1, 15};
Curve Loop(1) = {1, 2, 3, 4, 5, 6, 7, 8};
Curve Loop(2) = {10, -4, -3, -12};
Curve Loop(3) = {9, 12, -2, -1, -11};
Curve Loop(4) = {-20, -19, -18, -17, -16, -15, -14, -13};
Curve Loop(5) = {24, 15, 16, -22};
Curve Loop(6) = {23, 13, 14, -24, -21};
Plane Surface(1) = {1};
Physical Surface(1) = {1};
Plane Surface(2) = {2};
Physical Surface(2) = {2};
Plane Surface(3) = {3};
Physical Surface(3) = {3};
Plane Surface(4) = {4};
Physical Surface(4) = {4};
Plane Surface(5) = {5};
Physical Surface(5) = {5};
Plane Surface(6) = {6};
Physical Surface(6) = {6};
