SetFactory("OpenCASCADE");
Point(1) = {0.0000000000000000, 0.0000000000000000, 0, 4.768421};
Point(2) = {36.9154439225644424, 2.5000000000000000, 0, 0.600000};
Point(3) = {38.4120159734792139, 2.6013513513513513, 0, 0.741176};
Point(4) = {39.1489850053642243, 6.3488115172514465, 0, 0.850394};
Point(5) = {51.1145946930085344, 9.5550096477954529, 0, 2.011765};
Point(6) = {52.0000000000000000, 0.0000000000000000, 0, 2.011765};
Point(7) = {62.5000000000000000, 0.0000000000000000, 0, 3.000000};
Point(8) = {60.3703641430667730, 16.1761903189075475, 0, 3.000000};
Point(9) = {35.7392555726955266, 9.5763046687932682, 0, 0.600000};
Point(10) = {37.0000000000000000, 0.0000000000000000, 0, 0.600000};
Point(11) = {39.6604391633756066, 0.0000000000000000, 0, 0.850394};
Point(12) = {14.0000000000000000, 0.0000000000000000, 0, 3.000000};
Point(13) = {33.0000000000000000, 0.0000000000000000, 0, 0.600000};
Point(14) = {36.0000000000000000, 0.0000000000000000, 0, 0.600000};
Point(15) = {31.7184589190321127, 9.1071051274086088, 0, 0.600000};
Point(16) = {34.6019551843986690, 9.9350237753548445, 0, 0.600000};
Point(17) = {13.3147912281321492, 4.3262379212492634, 0, 3.000000};
Point(18) = {31.3848650377400666, 10.1975608143732632, 0, 0.600000};
Point(19) = {34.2380345866255240, 11.1246117974981065, 0, 0.600000};
Line(1) = {2, 3};
Line(2) = {3, 4};
Line(3) = {4, 5};
Circle(4) = {5, 1, 6};
Line(5) = {6, 7};
Circle(6) = {7, 1, 8};
Line(7) = {8, 9};
Circle(8) = {9, 1, 2};
Line(9) = {10, 11};
Line(10) = {11, 6};
Circle(11) = {10, 1, 2};
Circle(12) = {11, 1, 4};
Line(13) = {12, 13};
Line(14) = {13, 14};
Line(15) = {15, 16};
Line(16) = {17, 18};
Line(17) = {18, 19};
Circle(18) = {12, 1, 17};
Circle(19) = {13, 1, 15};
Circle(20) = {15, 1, 18};
Circle(21) = {14, 1, 16};
Circle(22) = {16, 1, 19};
Curve Loop(1) = {1, 2, 3, 4, 5, 6, 7, 8};
Curve Loop(2) = {10, -4, -3, -12};
Curve Loop(3) = {9, 12, -2, -1, -11};
Curve Loop(4) = {13, 19, 20, -16, -18};
Curve Loop(5) = {14, 21, -15, -19};
Curve Loop(6) = {15, 22, -17, -20};
Plane Surface(1) = {1};
Physical Surface(1) = {1};
Plane Surface(2) = {2};
Physical Surface(2) = {2};
Plane Surface(3) = {3};
Physical Surface(3) = {3};
Plane Surface(4) = {4};
Physical Surface(4) = {4};
Plane Surface(5) = {5};
Physical Surface(5) = {5};
Plane Surface(6) = {6};
Physical Surface(6) = {6};
